Deformation results for spatially-varying 10 Pa load
Index S Position (m)       Z Deflection (m)    
1     0.0000e+00           0.000000e+00        
2     1.2700e-03           -4.169500e-07       
3     2.5400e-03           -1.071100e-06       
4     3.8100e-03           -2.247300e-06       
5     5.0800e-03           -3.781300e-06       
6     6.3500e-03           -5.575000e-06       
7     7.6200e-03           -7.835100e-06       
8     8.8900e-03           -1.016900e-05       
9     1.0160e-02           -1.283500e-05       
10    1.1430e-02           -1.568100e-05       
11    1.2700e-02           -1.862900e-05       
12    1.3970e-02           -2.176500e-05       
13    1.5240e-02           -2.496800e-05       
14    1.6510e-02           -2.833500e-05       
15    1.7780e-02           -3.167600e-05       
16    1.9050e-02           -3.510100e-05       
17    2.0320e-02           -3.861600e-05       
18    2.1590e-02           -4.202900e-05       
19    2.2860e-02           -4.552200e-05       
20    2.4130e-02           -4.899000e-05       
21    2.5400e-02           -5.244100e-05       
22    2.6670e-02           -5.582700e-05       
23    2.7940e-02           -5.916000e-05       
24    2.9210e-02           -6.253500e-05       
25    3.0480e-02           -6.575500e-05       
26    3.1750e-02           -6.885000e-05       
27    3.3020e-02           -7.189400e-05       
28    3.4290e-02           -7.490300e-05       
29    3.5560e-02           -7.788800e-05       
30    3.6830e-02           -8.067900e-05       
31    3.8100e-02           -8.345600e-05       
32    3.9370e-02           -8.603700e-05       
33    4.0640e-02           -8.862500e-05       
34    4.1910e-02           -9.098100e-05       
35    4.3180e-02           -9.333200e-05       
36    4.4450e-02           -9.547000e-05       
37    4.5720e-02           -9.757500e-05       
38    4.6990e-02           -9.947000e-05       
39    4.8260e-02           -1.013300e-04       
40    4.9530e-02           -1.029800e-04       
41    5.0800e-02           -1.045900e-04       
42    5.2070e-02           -1.059900e-04       
43    5.3340e-02           -1.073400e-04       
44    5.4610e-02           -1.085000e-04       
45    5.5880e-02           -1.095900e-04       
46    5.7150e-02           -1.104900e-04       
47    5.8420e-02           -1.113200e-04       
48    5.9690e-02           -1.119600e-04       
49    6.0960e-02           -1.125400e-04       
50    6.2230e-02           -1.129200e-04       
51    6.3500e-02           -1.132400e-04       
52    6.4770e-02           -1.133700e-04       
53    6.6040e-02           -1.134300e-04       
54    6.7310e-02           -1.133100e-04       
55    6.8580e-02           -1.131200e-04       
56    6.9850e-02           -1.127500e-04       
57    7.1120e-02           -1.123100e-04       
58    7.2390e-02           -1.116900e-04       
59    7.3660e-02           -1.110000e-04       
60    7.4930e-02           -1.101400e-04       
61    7.6200e-02           -1.092200e-04       
62    7.7470e-02           -1.081200e-04       
63    7.8740e-02           -1.069700e-04       
64    8.0010e-02           -1.056400e-04       
65    8.1280e-02           -1.042600e-04       
66    8.2550e-02           -1.027000e-04       
67    8.3820e-02           -1.011100e-04       
68    8.5090e-02           -9.933800e-05       
69    8.6360e-02           -9.752800e-05       
70    8.7630e-02           -9.555500e-05       
71    8.8900e-02           -9.354200e-05       
72    9.0170e-02           -9.137400e-05       
73    9.1440e-02           -8.916600e-05       
74    9.2710e-02           -8.681300e-05       
75    9.3980e-02           -8.442000e-05       
76    9.5250e-02           -8.189300e-05       
77    9.6520e-02           -7.932700e-05       
78    9.7790e-02           -7.663500e-05       
79    9.9060e-02           -7.390800e-05       
80    1.0033e-01           -7.106300e-05       
81    1.0160e-01           -6.818500e-05       
82    1.0287e-01           -6.519900e-05       
83    1.0414e-01           -6.218500e-05       
84    1.0541e-01           -5.906900e-05       
85    1.0668e-01           -5.593000e-05       
86    1.0795e-01           -5.269700e-05       
87    1.0922e-01           -4.944900e-05       
88    1.1049e-01           -4.611300e-05       
89    1.1176e-01           -4.276600e-05       
90    1.1303e-01           -3.934200e-05       
91    1.1430e-01           -3.591000e-05       
92    1.1557e-01           -3.241200e-05       
93    1.1684e-01           -2.890900e-05       
94    1.1811e-01           -2.535200e-05       
95    1.1938e-01           -2.179100e-05       
96    1.2065e-01           -1.818900e-05       
97    1.2192e-01           -1.458400e-05       
98    1.2319e-01           -1.095200e-05       
99    1.2446e-01           -7.318900e-06       
100   1.2573e-01           -3.671800e-06       
101   1.2700e-01           -2.407900e-08       
102   1.2827e-01           3.623600e-06        
103   1.2954e-01           7.270800e-06        
104   1.3081e-01           1.090400e-05        
105   1.3208e-01           1.453600e-05        
106   1.3335e-01           1.814100e-05        
107   1.3462e-01           2.174300e-05        
108   1.3589e-01           2.530500e-05        
109   1.3716e-01           2.886200e-05        
110   1.3843e-01           3.236600e-05        
111   1.3970e-01           3.586400e-05        
112   1.4097e-01           3.929700e-05        
113   1.4224e-01           4.272100e-05        
114   1.4351e-01           4.606800e-05        
115   1.4478e-01           4.940500e-05        
116   1.4605e-01           5.265400e-05        
117   1.4732e-01           5.588800e-05        
118   1.4859e-01           5.902700e-05        
119   1.4986e-01           6.214400e-05        
120   1.5113e-01           6.515900e-05        
121   1.5240e-01           6.814600e-05        
122   1.5367e-01           7.102400e-05        
123   1.5494e-01           7.387000e-05        
124   1.5621e-01           7.659800e-05        
125   1.5748e-01           7.929100e-05        
126   1.5875e-01           8.185700e-05        
127   1.6002e-01           8.438600e-05        
128   1.6129e-01           8.677900e-05        
129   1.6256e-01           8.913300e-05        
130   1.6383e-01           9.134200e-05        
131   1.6510e-01           9.351000e-05        
132   1.6637e-01           9.552500e-05        
133   1.6764e-01           9.749900e-05        
134   1.6891e-01           9.930900e-05        
135   1.7018e-01           1.010800e-04        
136   1.7145e-01           1.026800e-04        
137   1.7272e-01           1.042400e-04        
138   1.7399e-01           1.056100e-04        
139   1.7526e-01           1.069400e-04        
140   1.7653e-01           1.080900e-04        
141   1.7780e-01           1.092000e-04        
142   1.7907e-01           1.101200e-04        
143   1.8034e-01           1.109800e-04        
144   1.8161e-01           1.116600e-04        
145   1.8288e-01           1.122800e-04        
146   1.8415e-01           1.127200e-04        
147   1.8542e-01           1.131000e-04        
148   1.8669e-01           1.132900e-04        
149   1.8796e-01           1.134100e-04        
150   1.8923e-01           1.133500e-04        
151   1.9050e-01           1.132200e-04        
152   1.9177e-01           1.129100e-04        
153   1.9304e-01           1.125200e-04        
154   1.9431e-01           1.119500e-04        
155   1.9558e-01           1.113000e-04        
156   1.9685e-01           1.104700e-04        
157   1.9812e-01           1.095700e-04        
158   1.9939e-01           1.084800e-04        
159   2.0066e-01           1.073300e-04        
160   2.0193e-01           1.059800e-04        
161   2.0320e-01           1.045700e-04        
162   2.0447e-01           1.029700e-04        
163   2.0574e-01           1.013200e-04        
164   2.0701e-01           9.945900e-05        
165   2.0828e-01           9.756400e-05        
166   2.0955e-01           9.545500e-05        
167   2.1082e-01           9.332300e-05        
168   2.1209e-01           9.097900e-05        
169   2.1336e-01           8.862000e-05        
170   2.1463e-01           8.603000e-05        
171   2.1590e-01           8.345000e-05        
172   2.1717e-01           8.067500e-05        
173   2.1844e-01           7.788900e-05        
174   2.1971e-01           7.490400e-05        
175   2.2098e-01           7.189800e-05        
176   2.2225e-01           6.885300e-05        
177   2.2352e-01           6.575600e-05        
178   2.2479e-01           6.253800e-05        
179   2.2606e-01           5.916400e-05        
180   2.2733e-01           5.583500e-05        
181   2.2860e-01           5.245000e-05        
182   2.2987e-01           4.899500e-05        
183   2.3114e-01           4.552600e-05        
184   2.3241e-01           4.203400e-05        
185   2.3368e-01           3.862100e-05        
186   2.3495e-01           3.510600e-05        
187   2.3622e-01           3.168100e-05        
188   2.3749e-01           2.834000e-05        
189   2.3876e-01           2.497300e-05        
190   2.4003e-01           2.177000e-05        
191   2.4130e-01           1.863500e-05        
192   2.4257e-01           1.568700e-05        
193   2.4384e-01           1.284100e-05        
194   2.4511e-01           1.017600e-05        
195   2.4638e-01           7.841100e-06        
196   2.4765e-01           5.580800e-06        
197   2.4892e-01           3.786700e-06        
198   2.5019e-01           2.251900e-06        
199   2.5146e-01           1.074600e-06        
200   2.5273e-01           4.190700e-07        
201   2.5400e-01           -3.110200e-19       
