Deformation due to 10000.0 Pa 
Index    S Position (m)      Z Position 
1     0.0000e+00           0.000000e+00        
2     5.2917e-03           -2.534900e-05       
3     1.0583e-02           -8.824800e-05       
4     1.5875e-02           -1.775000e-04       
5     2.1167e-02           -2.818600e-04       
6     2.6458e-02           -3.940500e-04       
7     3.1750e-02           -5.082300e-04       
8     3.7042e-02           -6.200000e-04       
9     4.2333e-02           -7.261900e-04       
10    4.7625e-02           -8.254100e-04       
11    5.2917e-02           -9.165300e-04       
12    5.8208e-02           -9.987400e-04       
13    6.3500e-02           -1.072300e-03       
14    6.8792e-02           -1.136500e-03       
15    7.4083e-02           -1.192500e-03       
16    7.9375e-02           -1.240700e-03       
17    8.4667e-02           -1.281700e-03       
18    8.9958e-02           -1.316200e-03       
19    9.5250e-02           -1.344700e-03       
20    1.0054e-01           -1.367800e-03       
21    1.0583e-01           -1.386000e-03       
22    1.1113e-01           -1.399700e-03       
23    1.1642e-01           -1.409100e-03       
24    1.2171e-01           -1.414700e-03       
25    1.2700e-01           -1.416600e-03       
26    1.3229e-01           -1.414700e-03       
27    1.3758e-01           -1.409100e-03       
28    1.4288e-01           -1.399700e-03       
29    1.4817e-01           -1.386000e-03       
30    1.5346e-01           -1.367800e-03       
31    1.5875e-01           -1.344700e-03       
32    1.6404e-01           -1.316200e-03       
33    1.6933e-01           -1.281700e-03       
34    1.7462e-01           -1.240700e-03       
35    1.7992e-01           -1.192500e-03       
36    1.8521e-01           -1.136500e-03       
37    1.9050e-01           -1.072200e-03       
38    1.9579e-01           -9.988200e-04       
39    2.0108e-01           -9.165400e-04       
40    2.0637e-01           -8.254100e-04       
41    2.1167e-01           -7.261900e-04       
42    2.1696e-01           -6.199900e-04       
43    2.2225e-01           -5.082300e-04       
44    2.2754e-01           -3.940500e-04       
45    2.3283e-01           -2.818600e-04       
46    2.3812e-01           -1.775000e-04       
47    2.4342e-01           -8.824800e-05       
48    2.4871e-01           -2.534900e-05       
49    2.5400e-01           -3.275900e-19       
